111111111111111111111111111111
200000000111100000000000000001
101111111101100111111111111101
100000000101100100000000000001
111111100101100111111111110001
100000100000100000000000010001
101111111110111111111111110001
100000000000000000000000000001
101111111111111111111111111101
100000000000000000000000000001
111111111111111111111111110001
100000000000000000000000010001
101111111111111111111111010001
100000000000000000000000010001
101111111111111111111111110001
100000000000000000000000000001
111111111111111111111111111101
100000000000000000000000000001
101111111111111111111111110001
100000000000000000000000010001
111111111111111111111111010001
100000000000000000000000010001
101111111111111111111111110001
100000000000000000000000000001
111111111111111111111111111101
100000000000000000000000000001
101111111111111111111111111101
100000000000000000000000000003
111111111111111111111111111111
